{
  "distance_matrix": [
    [
      0,
      2888,
      5174,
      3389,
      4383,
      7522,
      4832,
      8593,
      6795,
      1911,
      2431,
      5242,
      3991,
      4900,
      6566,
      3181,
      3428,
      1522,
      4474,
      4589,
      3110,
      5983,
      7235,
      4521,
      5504,
      2983,
      6597,
      8826,
      6414,
      4773,
      102,
      6348,
      3875,
      4667,
      6990,
      8055,
      3974,
      5790,
      4009,
      3063,
      5509,
      3001,
      8524,
      420,
      7939,
      2752,
      8668,
      3172,
      6487,
      2346
    ],
    [
      2888,
      0,
      4593,
      5580,
      6387,
      6722,
      7720,
      9842,
      5249,
      4726,
      3930,
      4133,
      1172,
      7301,
      7492,
      5768,
      5688,
      2402,
      6642,
      6602,
      5993,
      4123,
      5503,
      4517,
      6953,
      480,
      4731,
      10220,
      7960,
      7531,
      2869,
      6826,
      6727,
      2715,
      7098,
      7755,
      1612,
      6568,
      1125,
      3510,
      5980,
      5864,
      8638,
      2547,
      8800,
      658,
      7557,
      971,
      6454,
      2459
    ],
    [
      5174,
      4593,
      0,
      4741,
      4793,
      2350,
      8499,
      6158,
      2269,
      6725,
      3398,
      935,
      5265,
      6185,
      3775,
      5669,
      4921,
      3663,
      5256,
      4930,
      7012,
      2431,
      2862,
      1018,
      4161,
      5074,
      2704,
      6679,
      5023,
      7406,
      5254,
      2725,
      7267,
      2560,
      2632,
      3164,
      3448,
      2913,
      4936,
      2226,
      2126,
      7424,
      4101,
      4810,
      4792,
      5201,
      3522,
      5564,
      1960,
      2861
    ],
    [
      3389,
      5580,
      4741,
      0,
      1025,
      6661,
      3887,
      5473,
      6971,
      3439,
      1784,
      5375,
      6746,
      1750,
      3922,
      1073,
      180,
      3180,
      1096,
      1217,
      2760,
      6722,
      7547,
      3730,
      2490,
      5879,
      7201,
      5606,
      3211,
      2665,
      3483,
      4253,
      2683,
      5903,
      5182,
      6517,
      5853,
      3483,
      6621,
      2897,
      3670,
      3461,
      6457,
      3430,
      5183,
      5745,
      7984,
      6222,
      4961,
      3415
    ],
    [
      4383,
      6387,
      4793,
      1025,
      0,
      6435,
      4395,
      4480,
      7063,
      4433,
      2465,
      5551,
      7537,
      1403,
      3152,
      1873,
      1057,
      3994,
      475,
      215,
      3574,
      6992,
      7654,
      3783,
      1625,
      6722,
      7409,
      4590,
      2213,
      2901,
      4480,
      3711,
      3289,
      6353,
      4693,
      6062,
      6467,
      2915,
      7380,
      3331,
      3302,
      4334,
      5813,
      4391,
      4317,
      6614,
      7763,
      7095,
      4597,
      4071
    ],
    [
      7522,
      6722,
      2350,
      6661,
      6435,
      0,
      10535,
      6147,
      2159,
      9024,
      5607,
      2589,
      7187,
      7823,
      4230,
      7682,
      6838,
      6013,
      6909,
      6516,
      9168,
      3258,
      2531,
      3117,
      5303,
      7194,
      3031,
      6748,
      5871,
      9268,
      7603,
      3086,
      9311,
      4229,
      2244,
      1544,
      5333,
      3752,
      6832,
      4525,
      3154,
      9649,
      2901,
      7160,
      4617,
      7362,
      1328,
      7673,
      1940,
      5209
    ],
    [
      4832,
      7720,
      8499,
      3887,
      4395,
      10535,
      0,
      8381,
      10637,
      3147,
      5153,
      8998,
      8815,
      3372,
      7533,
      2853,
      3716,
      5785,
      3996,
      4422,
      1733,
      10171,
      11183,
      7520,
      5989,
      7800,
      10721,
      8270,
      6286,
      1675,
      4857,
      8074,
      1231,
      9080,
      9034,
      10386,
      8646,
      7283,
      8842,
      6397,
      7549,
      2004,
      10208,
      5182,
      8599,
      7550,
      11851,
      7931,
      8845,
      6430
    ],
    [
      8593,
      9842,
      6158,
      5473,
      4480,
      6147,
      8381,
      0,
      7914,
      8909,
      6240,
      7086,
      10843,
      5031,
      2422,
      6327,
      5533,
      7725,
      4667,
      4332,
      7975,
      8526,
      8450,
      5599,
      3090,
      10274,
      8640,
      611,
      2266,
      6707,
      8696,
      3445,
      7507,
      8634,
      3949,
      4831,
      9273,
      3354,
      10584,
      6331,
      4087,
      8767,
      3653,
      8487,
      1530,
      10261,
      7158,
      10727,
      4482,
      7396
    ],
    [
      6795,
      5249,
      2269,
      6971,
      7063,
      2159,
      10637,
      7914,
      0,
      8552,
      5484,
      1641,
      5450,
      8453,
      5697,
      7851,
      7150,
      5300,
      7525,
      7200,
      9070,
      1235,
      596,
      3282,
      6353,
      5683,
      874,
      8487,
      7142,
      9633,
      6855,
      4534,
      9412,
      2541,
      3993,
      3680,
      3684,
      4960,
      5087,
      4243,
      4194,
      9388,
      5002,
      6387,
      6422,
      5907,
      2430,
      6126,
      3433,
      4484
    ],
    [
      1911,
      4726,
      6725,
      3439,
      4433,
      9024,
      3147,
      8909,
      8552,
      0,
      3472,
      6947,
      5758,
      4369,
      7252,
      2665,
      3377,
      3269,
      4318,
      4594,
      1602,
      7825,
      9026,
      5917,
      5911,
      4739,
      8428,
      9016,
      6643,
      3597,
      1897,
      7327,
      2485,
      6549,
      8121,
      9327,
      5885,
      6642,
      5826,
      4504,
      6569,
      1166,
      9569,
      2322,
      8570,
      4471,
      10247,
      4822,
      7720,
      4069
    ],
    [
      2431,
      3930,
      3398,
      1784,
      2465,
      5607,
      5153,
      6240,
      5484,
      3472,
      0,
      3845,
      5073,
      3529,
      4138,
      2419,
      1934,
      1564,
      2761,
      2678,
      3615,
      5070,
      6031,
      2491,
      3181,
      4282,
      5593,
      6524,
      4153,
      4274,
      2533,
      3955,
      3930,
      4146,
      4678,
      5856,
      4071,
      3364,
      4915,
      1245,
      3146,
      4044,
      6171,
      2262,
      5512,
      4197,
      6874,
      4678,
      4250,
      1636
    ],
    [
      5242,
      4133,
      935,
      5375,
      5551,
      2589,
      8998,
      7086,
      1641,
      6947,
      3845,
      0,
      4639,
      6920,
      4710,
      6225,
      5553,
      3726,
      6001,
      5705,
      7429,
      1511,
      2187,
      1802,
      5052,
      4604,
      1858,
      7612,
      5938,
      8026,
      5310,
      3646,
      7775,
      1756,
      3455,
      3742,
      2783,
      3847,
      4291,
      2602,
      3060,
      7756,
      4834,
      4846,
      5702,
      4775,
      3509,
      5085,
      2789,
      2902
    ],
    [
      3991,
      1172,
      5265,
      6746,
      7537,
      7187,
      8815,
      10843,
      5450,
      5758,
      5073,
      4639,
      0,
      8471,
      8457,
      6938,
      6856,
      3566,
      7803,
      7750,
      7100,
      4234,
      5584,
      5372,
      8026,
      1018,
      4784,
      11247,
      9037,
      8689,
      3960,
      7702,
      7858,
      2969,
      7864,
      8369,
      1857,
      7523,
      362,
      4540,
      6882,
      6915,
      9365,
      3678,
      9727,
      1293,
      7856,
      1063,
      7201,
      3538
    ],
    [
      4900,
      7301,
      6185,
      1750,
      1403,
      7823,
      3372,
      5031,
      8453,
      4369,
      3529,
      6920,
      8471,
      0,
      4278,
      1768,
      1620,
      4911,
      931,
      1307,
      3088,
      8334,
      9043,
      5171,
      2751,
      7578,
      8773,
      4970,
      2917,
      1722,
      4984,
      5008,
      2495,
      7606,
      6002,
      7374,
      7601,
      4217,
      8358,
      4577,
      4677,
      3904,
      6997,
      5022,
      5249,
      7426,
      9149,
      7896,
      5960,
      5163
    ],
    [
      6566,
      7492,
      3775,
      3922,
      3152,
      4230,
      7533,
      2422,
      5697,
      7252,
      4138,
      4710,
      8457,
      4278,
      0,
      4956,
      4043,
      5505,
      3537,
      3110,
      6668,
      6183,
      6265,
      3177,
      1544,
      7937,
      6356,
      2911,
      1694,
      5968,
      6669,
      1174,
      6441,
      6216,
      2025,
      3306,
      6856,
      937,
      8189,
      3999,
      1671,
      7383,
      2721,
      6392,
      1374,
      7948,
      5443,
      8403,
      2335,
      5079
    ],
    [
      3181,
      5768,
      5669,
      1073,
      1873,
      7682,
      2853,
      6327,
      7851,
      2665,
      2419,
      6225,
      6938,
      1768,
      4956,
      0,
      923,
      3466,
      1672,
      1998,
      1713,
      7489,
      8412,
      4678,
      3474,
      5994,
      8005,
      6389,
      4067,
      1869,
      3258,
      5326,
      1630,
      6533,
      6254,
      7586,
      6313,
      4553,
      6867,
      3650,
      4736,
      2461,
      7525,
      3351,
      6177,
      5813,
      8998,
      6270,
      6021,
      3915
    ],
    [
      3428,
      5688,
      4921,
      180,
      1057,
      6838,
      3716,
      5533,
      7150,
      3377,
      1934,
      5553,
      6856,
      1620,
      4043,
      923,
      0,
      3293,
      1047,
      1231,
      2627,
      6896,
      7726,
      3910,
      2587,
      5977,
      7377,
      5647,
      3266,
      2485,
      3520,
      4406,
      2517,
      6064,
      5342,
      6681,
      5997,
      3631,
      6739,
      3066,
      3836,
      3345,
      6602,
      3490,
      5287,
      5836,
      8161,
      6311,
      5130,
      3558
    ],
    [
      1522,
      2402,
      3663,
      3180,
      3994,
      6013,
      5785,
      7725,
      5300,
      3269,
      1564,
      3726,
      3566,
      4911,
      5505,
      3466,
      3293,
      0,
      4240,
      4209,
      4073,
      4560,
      5761,
      3076,
      4710,
      2728,
      5159,
      8042,
      5699,
      5302,
      1596,
      5096,
      4658,
      3331,
      5634,
      6619,
      2884,
      4644,
      3446,
      1654,
      4234,
      4207,
      7191,
      1147,
      6871,
      2633,
      7147,
      3115,
      5086,
      825
    ],
    [
      4474,
      6642,
      5256,
      1096,
      475,
      6909,
      3996,
      4667,
      7525,
      4318,
      2761,
      6001,
      7803,
      931,
      3537,
      1672,
      1047,
      4240,
      0,
      430,
      3313,
      7429,
      8115,
      4243,
      1993,
      6956,
      7857,
      4717,
      2422,
      2457,
      4567,
      4158,
      2937,
      6749,
      5145,
      6516,
      6812,
      3362,
      7663,
      3718,
      3773,
      4100,
      6226,
      4526,
      4638,
      6830,
      8236,
      7308,
      5065,
      4392
    ],
    [
      4589,
      6602,
      4930,
      1217,
      215,
      6516,
      4422,
      4332,
      7200,
      4594,
      2678,
      5705,
      7750,
      1307,
      3110,
      1998,
      1231,
      4209,
      430,
      0,
      3680,
      7156,
      7793,
      3926,
      1568,
      6937,
      7564,
      4422,
      2069,
      2886,
      4686,
      3733,
      3348,
      6540,
      4722,
      6094,
      6670,
      2938,
      7592,
      3524,
      3370,
      4454,
      5796,
      4602,
      4232,
      6829,
      7842,
      7310,
      4656,
      4280
    ],
    [
      3110,
      5993,
      7012,
      2760,
      3574,
      9168,
      1733,
      7975,
      9070,
      1602,
      3615,
      7429,
      7100,
      3088,
      6668,
      1713,
      2627,
      4073,
      3313,
      3680,
      0,
      8528,
      9598,
      6077,
      5185,
      6089,
      9094,
      7991,
      5735,
      2020,
      3140,
      6995,
      884,
      7390,
      7897,
      9203,
      6920,
      6236,
      7117,
      4835,
      6355,
      816,
      9213,
      3451,
      7887,
      5846,
      10459,
      6243,
      7613,
      4752
    ],
    [
      5983,
      4123,
      2431,
      6722,
      6992,
      3258,
      10171,
      8526,
      1235,
      7825,
      5070,
      1511,
      4234,
      8334,
      6183,
      7489,
      6896,
      4560,
      7429,
      7156,
      8528,
      0,
      1380,
      3299,
      6561,
      4534,
      624,
      9068,
      7448,
      9332,
      6031,
      5081,
      8970,
      1421,
      4745,
      4703,
      2522,
      5342,
      3872,
      3844,
      4554,
      8752,
      5954,
      5565,
      7098,
      4776,
      3665,
      4959,
      4110,
      3794
    ],
    [
      7235,
      5503,
      2862,
      7547,
      7654,
      2531,
      11183,
      8450,
      596,
      9026,
      6031,
      2187,
      5584,
      9043,
      6265,
      8412,
      7726,
      5761,
      8115,
      7793,
      9598,
      1380,
      0,
      3872,
      6947,
      5915,
      800,
      9029,
      7728,
      10205,
      7290,
      5097,
      9961,
      2794,
      4511,
      4075,
      3903,
      5544,
      5224,
      4786,
      4782,
      9892,
      5425,
      6821,
      6947,
      6157,
      2500,
      6336,
      3977,
      4957
    ],
    [
      4521,
      4517,
      1018,
      3730,
      3783,
      3117,
      7520,
      5599,
      3282,
      5917,
      2491,
      1802,
      5372,
      5171,
      3177,
      4678,
      3910,
      3076,
      4243,
      3926,
      6077,
      3299,
      3872,
      0,
      3274,
      4989,
      3654,
      6072,
      4198,
      6394,
      4610,
      2330,
      6288,
      3059,
      2621,
      3543,
      3692,
      2248,
      5079,
      1458,
      1528,
      6535,
      4184,
      4198,
      4372,
      5058,
      4386,
      5475,
      2026,
      2365
    ],
    [
      5504,
      6953,
      4161,
      2490,
      1625,
      5303,
      5989,
      3090,
      6353,
      5911,
      3181,
      5052,
      8026,
      2751,
      1544,
      3474,
      2587,
      4710,
      1993,
      1568,
      5185,
      6561,
      6947,
      3274,
      0,
      7355,
      6865,
      3344,
      1010,
      4426,
      5606,
      2309,
      4911,
      6250,
      3302,
      4666,
      6647,
      1557,
      7807,
      3499,
      2201,
      5928,
      4250,
      5407,
      2703,
      7309,
      6599,
      7785,
      3370,
      4497
    ],
    [
      2983,
      480,
      5074,
      5879,
      6722,
      7194,
      7800,
      10274,
      5683,
      4739,
      4282,
      4604,
      1018,
      7578,
      7937,
      5994,
      5977,
      2728,
      6956,
      6937,
      6089,
      4534,
      5915,
      4989,
      7355,
      0,
      5134,
      10641,
      8360,
      7713,
      2949,
      7292,
      6856,
      3142,
      7575,
      8235,
      2012,
      7018,
      1126,
      3945,
      6442,
      5896,
      9117,
      2688,
      9253,
      303,
      8011,
      491,
      6933,
      2878
    ],
    [
      6597,
      4731,
      2704,
      7201,
      7409,
      3031,
      10721,
      8640,
      874,
      8428,
      5593,
      1858,
      4784,
      8773,
      6356,
      8005,
      7377,
      5159,
      7857,
      7564,
      9094,
      624,
      800,
      3654,
      6865,
      5134,
      0,
      9200,
      7712,
      9833,
      6646,
      5216,
      9512,
      2041,
      4765,
      4542,
      3123,
      5560,
      4424,
      4354,
      4777,
      9339,
      5850,
      6179,
      7173,
      5382,
      3231,
      5548,
      4168,
      4381
    ],
    [
      8826,
      10220,
      6679,
      5606,
      4590,
      6748,
      8270,
      611,
      8487,
      9016,
      6524,
      7612,
      11247,
      4970,
      2911,
      6389,
      5647,
      8042,
      4717,
      4422,
      7991,
      9068,
      9029,
      6072,
      3344,
      10641,
      9200,
      0,
      2416,
      6596,
      8928,
      3988,
      7465,
      9123,
      4539,
      5442,
      9721,
      3824,
      10999,
      6714,
      4582,
      8796,
      4260,
      8746,
      2135,
      10614,
      7768,
      11086,
      5054,
      7763
    ],
    [
      6414,
      7960,
      5023,
      3211,
      2213,
      5871,
      6286,
      2266,
      7142,
      6643,
      4153,
      5938,
      9037,
      2917,
      1694,
      4067,
      3266,
      5699,
      2422,
      2069,
      5735,
      7448,
      7728,
      4198,
      1010,
      8360,
      7712,
      2416,
      0,
      4639,
      6515,
      2784,
      5323,
      7217,
      3708,
      5000,
      7648,
      2189,
      8818,
      4509,
      2948,
      6518,
      4311,
      6346,
      2353,
      8308,
      7115,
      8786,
      3938,
      5506
    ],
    [
      4773,
      7531,
      7406,
      2665,
      2901,
      9268,
      1675,
      6707,
      9633,
      3597,
      4274,
      8026,
      8689,
      1722,
      5968,
      1869,
      2485,
      5302,
      2457,
      2886,
      2020,
      9332,
      10205,
      6394,
      4426,
      7713,
      9833,
      6596,
      4639,
      0,
      4830,
      6612,
      1160,
      8402,
      7595,
      8963,
      8169,
      5816,
      8647,
      5487,
      6178,
      2754,
      8674,
      5026,
      6971,
      7505,
      10596,
      7941,
      7479,
      5784
    ],
    [
      102,
      2869,
      5254,
      3483,
      4480,
      7603,
      4857,
      8696,
      6855,
      1897,
      2533,
      5310,
      3960,
      4984,
      6669,
      3258,
      3520,
      1596,
      4567,
      4686,
      3140,
      6031,
      7290,
      4610,
      5606,
      2949,
      6646,
      8928,
      6515,
      4830,
      0,
      6447,
      3917,
      4705,
      7086,
      8147,
      3991,
      5892,
      3988,
      3154,
      5608,
      3004,
      8621,
      468,
      8042,
      2711,
      8744,
      3124,
      6581,
      2419
    ],
    [
      6348,
      6826,
      2725,
      4253,
      3711,
      3086,
      8074,
      3445,
      4534,
      7327,
      3955,
      3646,
      7702,
      5008,
      1174,
      5326,
      4406,
      5096,
      4158,
      3733,
      6995,
      5081,
      5097,
      2330,
      2309,
      7292,
      5216,
      3988,
      2784,
      6612,
      6447,
      0,
      6910,
      5250,
      995,
      2366,
      6001,
      796,
      7408,
      3470,
      866,
      7638,
      2243,
      6108,
      2076,
      7341,
      4338,
      7773,
      1165,
      4530
    ],
    [
      3875,
      6727,
      7267,
      2683,
      3289,
      9311,
      1231,
      7507,
      9412,
      2485,
      3930,
      7775,
      7858,
      2495,
      6441,
      1630,
      2517,
      4658,
      2937,
      3348,
      884,
      8970,
      9961,
      6288,
      4911,
      6856,
      9512,
      7465,
      5323,
      1160,
      3917,
      6910,
      0,
      7913,
      7856,
      9199,
      7540,
      6126,
      7851,
      5175,
      6353,
      1594,
      9078,
      4181,
      7576,
      6627,
      10625,
      7039,
      7644,
      5259
    ],
    [
      4667,
      2715,
      2560,
      5903,
      6353,
      4229,
      9080,
      8634,
      2541,
      6549,
      4146,
      1756,
      2969,
      7606,
      6216,
      6533,
      6064,
      3331,
      6749,
      6540,
      7390,
      1421,
      2794,
      3059,
      6250,
      3142,
      2041,
      9123,
      7217,
      8402,
      4705,
      5250,
      7913,
      0,
      5180,
      5487,
      1146,
      5299,
      2610,
      3032,
      4546,
      7535,
      6589,
      4247,
      7326,
      3372,
      4904,
      3585,
      4509,
      2653
    ],
    [
      6990,
      7098,
      2632,
      5182,
      4693,
      2244,
      9034,
      3949,
      3993,
      8121,
      4678,
      3455,
      7864,
      6002,
      2025,
      6254,
      5342,
      5634,
      5145,
      4722,
      7897,
      4745,
      4511,
      2621,
      3302,
      7575,
      4765,
      4539,
      3708,
      7595,
      7086,
      995,
      7856,
      5180,
      0,
      1372,
      6073,
      1785,
      7545,
      3980,
      1557,
      8509,
      1564,
      6711,
      2436,
      7662,
      3419,
      8065,
      672,
      4973
    ],
    [
      8055,
      7755,
      3164,
      6517,
      6062,
      1544,
      10386,
      4831,
      3680,
      9327,
      5856,
      3742,
      8369,
      7374,
      3306,
      7586,
      6681,
      6619,
      6516,
      6094,
      9203,
      4703,
      4075,
      3543,
      4666,
      8235,
      4542,
      5442,
      5000,
      8963,
      8147,
      2366,
      9199,
      5487,
      1372,
      0,
      6519,
      3157,
      8027,
      4993,
      2851,
      9786,
      1368,
      7740,
      3318,
      8365,
      2329,
      8725,
      1608,
      5882
    ],
    [
      3974,
      1612,
      3448,
      5853,
      6467,
      5333,
      8646,
      9273,
      3684,
      5885,
      4071,
      2783,
      1857,
      7601,
      6856,
      6313,
      5997,
      2884,
      6812,
      6670,
      6920,
      2522,
      3903,
      3692,
      6647,
      2012,
      3123,
      9721,
      7648,
      8169,
      3991,
      6001,
      7540,
      1146,
      6073,
      6519,
      0,
      5919,
      1508,
      3189,
      5221,
      6951,
      7546,
      3566,
      8061,
      2258,
      6049,
      2443,
      5404,
      2439
    ],
    [
      5790,
      6568,
      2913,
      3483,
      2915,
      3752,
      7283,
      3354,
      4960,
      6642,
      3364,
      3847,
      7523,
      4217,
      937,
      4553,
      3631,
      4644,
      3362,
      2938,
      6236,
      5342,
      5544,
      2248,
      1557,
      7018,
      5560,
      3824,
      2189,
      5816,
      5892,
      796,
      6126,
      5299,
      1785,
      3157,
      5919,
      0,
      7252,
      3093,
      788,
      6897,
      2977,
      5585,
      2242,
      7036,
      5043,
      7488,
      1815,
      4174
    ],
    [
      4009,
      1125,
      4936,
      6621,
      7380,
      6832,
      8842,
      10584,
      5087,
      5826,
      4915,
      4291,
      362,
      8358,
      8189,
      6867,
      6739,
      3446,
      7663,
      7592,
      7117,
      3872,
      5224,
      5079,
      7807,
      1126,
      4424,
      10999,
      8818,
      8647,
      3988,
      7408,
      7851,
      2610,
      7545,
      8027,
      1508,
      7252,
      0,
      4310,
      6597,
      6973,
      9037,
      3672,
      9444,
      1425,
      7494,
      1305,
      6880,
      3341
    ],
    [
      3063,
      3510,
      2226,
      2897,
      3331,
      4525,
      6397,
      6331,
      4243,
      4504,
      1245,
      2602,
      4540,
      4577,
      3999,
      3650,
      3066,
      1654,
      3718,
      3524,
      4835,
      3844,
      4786,
      1458,
      3499,
      3945,
      4354,
      6714,
      4509,
      5487,
      3154,
      3470,
      5175,
      3032,
      3980,
      4993,
      3189,
      3093,
      4310,
      0,
      2604,
      5207,
      5537,
      2750,
      5335,
      3948,
      5744,
      4405,
      3439,
      1080
    ],
    [
      5509,
      5980,
      2126,
      3670,
      3302,
      3154,
      7549,
      4087,
      4194,
      6569,
      3146,
      3060,
      6882,
      4677,
      1671,
      4736,
      3836,
      4234,
      3773,
      3370,
      6355,
      4554,
      4782,
      1528,
      2201,
      6442,
      4777,
      4582,
      2948,
      6178,
      5608,
      866,
      6353,
      4546,
      1557,
      2851,
      5221,
      788,
      6597,
      2604,
      0,
      6955,
      3025,
      5258,
      2847,
      6485,
      4474,
      6921,
      1301,
      3665
    ],
    [
      3001,
      5864,
      7424,
      3461,
      4334,
      9649,
      2004,
      8767,
      9388,
      1166,
      4044,
      7756,
      6915,
      3904,
      7383,
      2461,
      3345,
      4207,
      4100,
      4454,
      816,
      8752,
      9892,
      6535,
      5928,
      5896,
      9339,
      8796,
      6518,
      2754,
      3004,
      7638,
      1594,
      7535,
      8509,
      9786,
      6951,
      6897,
      6973,
      5207,
      6955,
      0,
      9872,
      3392,
      8631,
      5631,
      10917,
      5988,
      8183,
      4959
    ],
    [
      8524,
      8638,
      4101,
      6457,
      5813,
      2901,
      10208,
      3653,
      5002,
      9569,
      6171,
      4834,
      9365,
      6997,
      2721,
      7525,
      6602,
      7191,
      6226,
      5796,
      9213,
      5954,
      5425,
      4184,
      4250,
      9117,
      5850,
      4260,
      4311,
      8674,
      8621,
      2243,
      9078,
      6589,
      1564,
      1368,
      7546,
      2977,
      9037,
      5537,
      3025,
      9872,
      0,
      8256,
      2230,
      9212,
      3628,
      9608,
      2184,
      6537
    ],
    [
      420,
      2547,
      4810,
      3430,
      4391,
      7160,
      5182,
      8487,
      6387,
      2322,
      2262,
      4846,
      3678,
      5022,
      6392,
      3351,
      3490,
      1147,
      4526,
      4602,
      3451,
      5565,
      6821,
      4198,
      5407,
      2688,
      6179,
      8746,
      6346,
      5026,
      468,
      6108,
      4181,
      4247,
      6711,
      7740,
      3566,
      5585,
      3672,
      2750,
      5258,
      3392,
      8256,
      0,
      7767,
      2480,
      8290,
      2925,
      6188,
      1962
    ],
    [
      7939,
      8800,
      4792,
      5183,
      4317,
      4617,
      8599,
      1530,
      6422,
      8570,
      5512,
      5702,
      9727,
      5249,
      1374,
      6177,
      5287,
      6871,
      4638,
      4232,
      7887,
      7098,
      6947,
      4372,
      2703,
      9253,
      7173,
      2135,
      2353,
      6971,
      8042,
      2076,
      7576,
      7326,
      2436,
      3318,
      8061,
      2242,
      9444,
      5335,
      2847,
      8631,
      2230,
      7767,
      0,
      9277,
      5638,
      9726,
      3004,
      6416
    ],
    [
      2752,
      658,
      5201,
      5745,
      6614,
      7362,
      7550,
      10261,
      5907,
      4471,
      4197,
      4775,
      1293,
      7426,
      7948,
      5813,
      5836,
      2633,
      6830,
      6829,
      5846,
      4776,
      6157,
      5058,
      7309,
      303,
      5382,
      10614,
      8308,
      7505,
      2711,
      7341,
      6627,
      3372,
      7662,
      8365,
      2258,
      7036,
      1425,
      3948,
      6485,
      5631,
      9212,
      2480,
      9277,
      0,
      8212,
      481,
      7028,
      2870
    ],
    [
      8668,
      7557,
      3522,
      7984,
      7763,
      1328,
      11851,
      7158,
      2430,
      10247,
      6874,
      3509,
      7856,
      9149,
      5443,
      8998,
      8161,
      7147,
      8236,
      7842,
      10459,
      3665,
      2500,
      4386,
      6599,
      8011,
      3231,
      7768,
      7115,
      10596,
      8744,
      4338,
      10625,
      4904,
      3419,
      2329,
      6049,
      5043,
      7494,
      5744,
      4474,
      10917,
      3628,
      8290,
      5638,
      8212,
      0,
      8472,
      3229,
      6327
    ],
    [
      3172,
      971,
      5564,
      6222,
      7095,
      7673,
      7931,
      10727,
      6126,
      4822,
      4678,
      5085,
      1063,
      7896,
      8403,
      6270,
      6311,
      3115,
      7308,
      7310,
      6243,
      4959,
      6336,
      5475,
      7785,
      491,
      5548,
      11086,
      8786,
      7941,
      3124,
      7773,
      7039,
      3585,
      8065,
      8725,
      2443,
      7488,
      1305,
      4405,
      6921,
      5988,
      9608,
      2925,
      9726,
      481,
      8472,
      0,
      7424,
      3332
    ],
    [
      6487,
      6454,
      1960,
      4961,
      4597,
      1940,
      8845,
      4482,
      3433,
      7720,
      4250,
      2789,
      7201,
      5960,
      2335,
      6021,
      5130,
      5086,
      5065,
      4656,
      7613,
      4110,
      3977,
      2026,
      3370,
      6933,
      4168,
      5054,
      3938,
      7479,
      6581,
      1165,
      7644,
      4509,
      672,
      1608,
      5404,
      1815,
      6880,
      3439,
      1301,
      8183,
      2184,
      6188,
      3004,
      7028,
      3229,
      7424,
      0,
      4391
    ],
    [
      2346,
      2459,
      2861,
      3415,
      4071,
      5209,
      6430,
      7396,
      4484,
      4069,
      1636,
      2902,
      3538,
      5163,
      5079,
      3915,
      3558,
      825,
      4392,
      4280,
      4752,
      3794,
      4957,
      2365,
      4497,
      2878,
      4381,
      7763,
      5506,
      5784,
      2419,
      4530,
      5259,
      2653,
      4973,
      5882,
      2439,
      4174,
      3341,
      1080,
      3665,
      4959,
      6537,
      1962,
      6416,
      2870,
      6327,
      3332,
      4391,
      0
    ]
  ],
  "demands": [
    7,
    9,
    1,
    20,
    14,
    17,
    0,
    20,
    3,
    19,
    20,
    14,
    3,
    3,
    2,
    1,
    3,
    13,
    17,
    13,
    0,
    6,
    20,
    13,
    4,
    5,
    14,
    14,
    15,
    5,
    8,
    1,
    16,
    8,
    10,
    14,
    14,
    11,
    5,
    9,
    11,
    6,
    5,
    10,
    16,
    11,
    12,
    9,
    16,
    9
  ],
  "vehicle_capacities": [
    76,
    59,
    29,
    29,
    10,
    100,
    97,
    61,
    49,
    91,
    52,
    19
  ],
  "num_vehicles": 12,
  "depot": 0
}