{
  "distance_matrix": [
    [
      0,
      4434,
      3978,
      3713,
      4660,
      1622,
      3509,
      3172,
      4814,
      2599
    ],
    [
      4434,
      0,
      8174,
      2673,
      7461,
      4685,
      4067,
      1699,
      7895,
      6796
    ],
    [
      3978,
      8174,
      0,
      7664,
      3188,
      3577,
      5412,
      6618,
      6256,
      1393
    ],
    [
      3713,
      2673,
      7664,
      0,
      8038,
      4841,
      5421,
      3186,
      5555,
      6304
    ],
    [
      4660,
      7461,
      3188,
      8038,
      0,
      3208,
      3604,
      5763,
      8676,
      3098
    ],
    [
      1622,
      4685,
      3577,
      4841,
      3208,
      0,
      2219,
      3062,
      6314,
      2285
    ],
    [
      3509,
      4067,
      5412,
      5421,
      3604,
      2219,
      0,
      2458,
      8321,
      4322
    ],
    [
      3172,
      1699,
      6618,
      3186,
      5763,
      3062,
      2458,
      0,
      7395,
      5270
    ],
    [
      4814,
      7895,
      6256,
      5555,
      8676,
      6314,
      8321,
      7395,
      0,
      5620
    ],
    [
      2599,
      6796,
      1393,
      6304,
      3098,
      2285,
      4322,
      5270,
      5620,
      0
    ]
  ],
  "demands": [
    5,
    8,
    6,
    8,
    1,
    1,
    3,
    7,
    7,
    3
  ],
  "vehicle_capacities": [
    27,
    45,
    92,
    33
  ],
  "num_vehicles": 4,
  "depot": 0
}